mul(982,733) 719806
mul(700,428) 299600
mul(395,45) 17775
mul(328,373) 122344
mul(139,254) 35306
mul(719,688) 494672
mul(616,640) 394240
mul(666,309) 205794
mul(889,261) 232029
mul(364,750) 273000
mul(911,969) 882759
mul(360,631) 227160
mul(692,527) 364684
mul(823,512) 421376
mul(345,427) 147315
mul(394,662) 260828
mul(903,277) 250131
mul(249,126) 31374
mul(823,356) 292988
mul(257,129) 33153
mul(571,713) 407123
mul(230,759) 174570
mul(978,804) 786312
mul(816,166) 135456
mul(946,526) 497596
mul(321,352) 112992
mul(233,433) 100889
mul(247,132) 32604
mul(104,931) 96824
mul(587,547) 321089
mul(267,595) 158865
mul(834,996) 830664
mul(172,45) 7740
mul(3,396) 1188
mul(406,706) 286636
mul(209,557) 116413
mul(716,930) 665880
mul(92,580) 53360
mul(538,570) 306660
mul(846,458) 387468
mul(18,615) 11070
mul(666,191) 127206
mul(837,567) 474579
mul(456,298) 135888
mul(570,670) 381900
mul(8,433) 3464
mul(358,86) 30788
mul(330,764) 252120
mul(683,182) 124306
mul(16,909) 14544
mul(53,161) 8533
mul(526,714) 375564
mul(101,388) 39188
mul(862,638) 549956
mul(106,417) 44202
mul(946,829) 784234
mul(924,557) 514668
mul(216,185) 39960
mul(639,534) 341226
mul(710,22) 15620
mul(412,598) 246376
mul(814,674) 548636
mul(654,224) 146496
mul(690,95) 65550
mul(821,149) 122329
mul(279,247) 68913
mul(66,274) 18084
mul(550,43) 23650
mul(442,748) 330616
mul(130,259) 33670
mul(768,298) 228864
mul(489,845) 413205
mul(442,721) 318682
mul(283,227) 64241
mul(862,708) 610296
mul(182,377) 68614
mul(472,672) 317184
mul(117,275) 32175
mul(409,378) 154602
mul(448,267) 119616
mul(916,448) 410368
mul(849,877) 744573
mul(444,734) 325896
mul(851,406) 345506
mul(480,848) 407040
mul(803,80) 64240
mul(482,344) 165808
mul(702,892) 626184
mul(552,653) 360456
mul(13,654) 8502
mul(247,264) 65208
mul(453,796) 360588
mul(201,343) 68943
mul(360,411) 147960
mul(657,810) 532170
mul(712,186) 132432
mul(241,637) 153517
mul(829,983) 814907
mul(388,384) 148992
mul(47,882) 41454
mul(796,344) 273824
mul(460,350) 161000
mul(38,82) 3116
mul(402,61) 24522
mul(159,67) 10653
mul(618,693) 428274
mul(5,516) 2580
mul(632,327) 206664
mul(363,380) 137940
mul(696,848) 590208
mul(129,10) 1290
mul(545,776) 422920
mul(25,979) 24475
mul(448,493) 220864
mul(56,384) 21504
27842056
